1 0 3 0
2 4 17 1
3 18 34 2
4 35 59 3
5 60 86 4
6 87 122 5
7 123 166 6
8 167 194 7
9 167 194 7
10 123 168 6
11 169 194 10
12 169 194 10
13 87 120 5
14 121 165 13
15 166 194 14
16 166 194 14
17 121 162 13
18 163 194 17
19 163 194 17
20 60 87 4
21 88 122 20
22 123 169 21
23 170 194 22
24 170 194 22
25 123 169 21
26 170 194 25
27 170 194 25
28 88 119 20
29 120 166 28
30 167 194 29
31 167 194 29
32 120 163 28
33 164 194 32
34 164 194 32
35 35 59 3
36 60 86 35
37 87 123 36
38 124 171 37
39 172 194 38
40 172 194 38
41 124 168 37
42 169 194 41
43 169 194 41
44 87 120 36
45 121 168 44
46 169 194 45
47 169 194 45
48 121 163 44
49 164 194 48
50 164 194 48
51 60 87 35
52 88 126 51
53 127 177 52
54 178 194 53
55 178 194 53
56 127 169 52
57 170 194 56
58 170 194 56
59 88 119 51
60 120 162 59
61 163 194 60
62 163 194 60
63 120 161 59
64 162 194 63
65 162 194 63
66 18 34 2
67 35 58 66
68 59 85 67
69 86 121 68
70 122 167 69
71 168 194 70
72 168 194 70
73 122 167 69
74 168 194 73
75 168 194 73
76 86 116 68
77 117 153 76
78 154 194 77
79 154 194 77
80 117 165 76
81 166 194 80
82 166 194 80
83 59 86 67
84 87 119 83
85 120 164 84
86 165 194 85
87 165 194 85
88 120 165 84
89 166 194 88
90 166 194 88
91 87 117 83
92 118 158 91
93 159 194 92
94 159 194 92
95 118 157 91
96 158 194 95
97 158 194 95
98 35 59 66
99 60 88 98
100 89 128 99
101 129 177 100
102 178 194 101
103 178 194 101
104 129 175 100
105 176 194 104
106 176 194 104
107 89 121 99
108 122 162 107
109 163 194 108
110 163 194 108
111 122 162 107
112 163 194 111
113 163 194 111
114 60 87 98
115 88 122 114
116 123 170 115
117 171 194 116
118 171 194 116
119 123 164 115
120 165 194 119
121 165 194 119
122 88 120 114
123 121 164 122
124 165 194 123
125 165 194 123
126 121 158 122
127 159 194 126
128 159 194 126
129 4 18 1
130 19 34 129
131 35 57 130
132 58 86 131
133 87 123 132
134 124 170 133
135 171 194 134
136 171 194 134
137 124 173 133
138 174 194 137
139 174 194 137
140 87 118 132
141 119 155 140
142 156 194 141
143 156 194 141
144 119 161 140
145 162 194 144
146 162 194 144
147 58 84 131
148 85 119 147
149 120 162 148
150 163 194 149
151 163 194 149
152 120 161 148
153 162 194 152
154 162 194 152
155 85 116 147
156 117 159 155
157 160 194 156
158 160 194 156
159 117 160 155
160 161 194 159
161 161 194 159
162 35 58 130
163 59 86 162
164 87 122 163
165 123 170 164
166 171 194 165
167 171 194 165
168 123 166 164
169 167 194 168
170 167 194 168
171 87 118 163
172 119 160 171
173 161 194 172
174 161 194 172
175 119 158 171
176 159 194 175
177 159 194 175
178 59 86 162
179 87 123 178
180 124 171 179
181 172 194 180
182 172 194 180
183 124 167 179
184 168 194 183
185 168 194 183
186 87 119 178
187 120 162 186
188 163 194 187
189 163 194 187
190 120 160 186
191 161 194 190
192 161 194 190
193 19 34 129
194 35 59 193
195 60 85 194
196 86 130 195
197 131 178 196
198 179 194 197
199 179 194 197
200 131 179 196
201 180 194 200
202 180 194 200
203 86 119 195
204 120 162 203
205 163 194 204
206 163 194 204
207 120 162 203
208 163 194 207
209 163 194 207
210 60 85 194
211 86 119 210
212 120 167 211
213 168 194 212
214 168 194 212
215 120 165 211
216 166 194 215
217 166 194 215
218 86 121 210
219 122 171 218
220 172 194 219
221 172 194 219
222 122 167 218
223 168 194 222
224 168 194 222
225 35 60 193
226 61 87 225
227 88 128 226
228 129 179 227
229 180 194 228
230 180 194 228
231 129 174 227
232 175 194 231
233 175 194 231
234 88 128 226
235 129 182 234
236 183 194 235
237 183 194 235
238 129 185 234
239 186 194 238
240 186 194 238
241 61 88 225
242 89 124 241
243 125 176 242
244 177 194 243
245 177 194 243
246 125 170 242
247 171 194 246
248 171 194 246
249 89 126 241
250 127 176 249
251 177 194 250
252 177 194 250
253 127 175 249
254 176 194 253
255 176 194 253
256 0 3 0
257 4 18 256
258 19 34 257
259 35 57 258
260 58 84 259
261 85 118 260
262 119 166 261
263 167 194 262
264 167 194 262
265 119 166 261
266 167 194 265
267 167 194 265
268 85 121 260
269 122 172 268
270 173 194 269
271 173 194 269
272 122 165 268
273 166 194 272
274 166 194 272
275 58 83 259
276 84 119 275
277 120 164 276
278 165 194 277
279 165 194 277
280 120 163 276
281 164 194 280
282 164 194 280
283 84 114 275
284 115 162 283
285 163 194 284
286 163 194 284
287 115 155 283
288 156 194 287
289 156 194 287
290 35 58 258
291 59 86 290
292 87 125 291
293 126 171 292
294 172 194 293
295 172 194 293
296 126 174 292
297 175 194 296
298 175 194 296
299 87 120 291
300 121 171 299
301 172 194 300
302 172 194 300
303 121 165 299
304 166 194 303
305 166 194 303
306 59 85 290
307 86 123 306
308 124 170 307
309 171 194 308
310 171 194 308
311 124 169 307
312 170 194 311
313 170 194 311
314 86 123 306
315 124 173 314
316 174 194 315
317 174 194 315
318 124 173 314
319 174 194 318
320 174 194 318
321 19 34 257
322 35 58 321
323 59 87 322
324 88 120 323
325 121 165 324
326 166 194 325
327 166 194 325
328 121 164 324
329 165 194 328
330 165 194 328
331 88 121 323
332 122 166 331
333 167 194 332
334 167 194 332
335 122 165 331
336 166 194 335
337 166 194 335
338 59 85 322
339 86 120 338
340 121 168 339
341 169 194 340
342 169 194 340
343 121 168 339
344 169 194 343
345 169 194 343
346 86 118 338
347 119 158 346
348 159 194 347
349 159 194 347
350 119 168 346
351 169 194 350
352 169 194 350
353 35 59 321
354 60 89 353
355 90 129 354
356 130 178 355
357 179 194 356
358 179 194 356
359 130 175 355
360 176 194 359
361 176 194 359
362 90 125 354
363 126 171 362
364 172 194 363
365 172 194 363
366 126 171 362
367 172 194 366
368 172 194 366
369 60 88 353
370 89 124 369
371 125 170 370
372 171 194 371
373 171 194 371
374 125 170 370
375 171 194 374
376 171 194 374
377 89 122 369
378 123 167 377
379 168 194 378
380 168 194 378
381 123 168 377
382 169 194 381
383 169 194 381
384 4 17 256
385 18 34 384
386 35 58 385
387 59 86 386
388 87 123 387
389 124 173 388
390 174 194 389
391 174 194 389
392 124 167 388
393 168 194 392
394 168 194 392
395 87 120 387
396 121 167 395
397 168 194 396
398 168 194 396
399 121 160 395
400 161 194 399
401 161 194 399
402 59 84 386
403 85 120 402
404 121 167 403
405 168 194 404
406 168 194 404
407 121 165 403
408 166 194 407
409 166 194 407
410 85 117 402
411 118 166 410
412 167 194 411
413 167 194 411
414 118 161 410
415 162 194 414
416 162 194 414
417 35 58 385
418 59 84 417
419 85 120 418
420 121 165 419
421 166 194 420
422 166 194 420
423 121 171 419
424 172 194 423
425 172 194 423
426 85 118 418
427 119 166 426
428 167 194 427
429 167 194 427
430 119 162 426
431 163 194 430
432 163 194 430
433 59 85 417
434 86 122 433
435 123 169 434
436 170 194 435
437 170 194 435
438 123 168 434
439 169 194 438
440 169 194 438
441 86 124 433
442 125 176 441
443 177 194 442
444 177 194 442
445 125 176 441
446 177 194 445
447 177 194 445
448 18 34 384
449 35 58 448
450 59 86 449
451 87 120 450
452 121 163 451
453 164 194 452
454 164 194 452
455 121 166 451
456 167 194 455
457 167 194 455
458 87 119 450
459 120 164 458
460 165 194 459
461 165 194 459
462 120 162 458
463 163 194 462
464 163 194 462
465 59 85 449
466 86 120 465
467 121 169 466
468 170 194 467
469 170 194 467
470 121 165 466
471 166 194 470
472 166 194 470
473 86 119 465
474 120 164 473
475 165 194 474
476 165 194 474
477 120 165 473
478 166 194 477
479 166 194 477
480 35 59 448
481 60 88 480
482 89 126 481
483 127 173 482
484 174 194 483
485 174 194 483
486 127 174 482
487 175 194 486
488 175 194 486
489 89 124 481
490 125 169 489
491 170 194 490
492 170 194 490
493 125 173 489
494 174 194 493
495 174 194 493
496 60 86 480
497 87 119 496
498 120 165 497
499 166 194 498
500 166 194 498
501 120 165 497
502 166 194 501
503 166 194 501
504 87 120 496
505 121 165 504
506 166 194 505
507 166 194 505
508 121 166 504
509 167 194 508
510 167 194 508
511 0 6 0
512 7 23 511
513 24 44 512
514 45 67 513
515 68 96 514
516 97 126 515
517 127 163 516
518 164 194 517
519 164 194 517
520 127 169 516
521 170 194 520
522 170 194 520
523 97 130 515
524 131 166 523
525 167 194 524
526 167 194 524
527 131 191 523
528 192 194 527
529 192 194 527
530 68 96 514
531 97 128 530
532 129 164 531
533 165 194 532
534 165 194 532
535 129 174 531
536 175 194 535
537 175 194 535
538 97 134 530
539 135 194 538
540 135 194 538
541 45 69 513
542 70 97 541
543 98 132 542
544 133 178 543
545 179 194 544
546 179 194 544
547 133 189 543
548 190 194 547
549 190 194 547
550 98 136 542
551 137 180 550
552 181 194 551
553 181 194 551
554 137 191 550
555 192 194 554
556 192 194 554
557 70 100 541
558 101 144 557
559 145 194 558
560 145 194 558
561 101 145 557
562 146 194 561
563 146 194 561
564 24 44 512
565 45 68 564
566 69 98 565
567 99 129 566
568 130 167 567
569 168 194 568
570 168 194 568
571 130 169 567
572 170 194 571
573 170 194 571
574 99 135 566
575 136 175 574
576 176 194 575
577 176 194 575
578 136 194 574
579 69 97 565
580 98 128 579
581 129 168 580
582 169 194 581
583 169 194 581
584 129 174 580
585 175 194 584
586 175 194 584
587 98 138 579
588 139 194 587
589 139 194 587
590 45 70 564
591 71 100 590
592 101 137 591
593 138 181 592
594 182 194 593
595 182 194 593
596 138 194 592
597 101 137 591
598 138 182 597
599 183 194 598
600 183 194 598
601 138 194 597
602 71 102 590
603 103 142 602
604 143 194 603
605 143 194 603
606 103 145 602
607 146 194 606
608 146 194 606
609 7 24 511
610 25 60 609
611 61 105 610
612 106 169 611
613 170 194 612
614 170 194 612
615 106 169 611
616 170 194 615
617 170 194 615
618 61 101 610
619 102 166 618
620 167 194 619
621 167 194 619
622 102 171 618
623 172 194 622
624 172 194 622
625 25 63 609
626 64 107 625
627 108 175 626
628 176 194 627
629 176 194 627
630 108 182 626
631 183 194 630
632 183 194 630
633 64 104 625
634 105 176 633
635 177 194 634
636 177 194 634
637 105 181 633
638 182 194 637
639 182 194 637
640 0 10 0
641 11 28 640
642 29 51 641
643 52 79 642
644 80 110 643
645 111 154 644
646 155 194 645
647 155 194 645
648 111 151 644
649 152 194 648
650 152 194 648
651 80 117 643
652 118 194 651
653 118 165 651
654 166 194 653
655 166 194 653
656 52 84 642
657 85 131 656
658 132 184 657
659 185 194 658
660 185 194 658
661 132 185 657
662 186 194 661
663 186 194 661
664 85 126 656
665 127 173 664
666 174 194 665
667 174 194 665
668 127 178 664
669 179 194 668
670 179 194 668
671 29 51 641
672 52 79 671
673 80 112 672
674 113 176 673
675 177 194 674
676 177 194 674
677 113 155 673
678 156 194 677
679 156 194 677
680 80 111 672
681 112 162 680
682 163 194 681
683 163 194 681
684 112 160 680
685 161 194 684
686 161 194 684
687 52 81 671
688 82 128 687
689 129 182 688
690 183 194 689
691 183 194 689
692 129 180 688
693 181 194 692
694 181 194 692
695 82 121 687
696 122 171 695
697 172 194 696
698 172 194 696
699 122 169 695
700 170 194 699
701 170 194 699
702 11 34 640
703 35 65 702
704 66 108 703
705 109 154 704
706 155 194 705
707 155 194 705
708 109 147 704
709 148 194 708
710 148 194 708
711 66 105 703
712 106 153 711
713 154 194 712
714 154 194 712
715 106 146 711
716 147 194 715
717 147 194 715
718 35 88 702
719 89 194 718
720 89 194 718
